A : 0.249563537346
E : 0.190935303840
C : 0.149744818693
F : 0.149744818693
B : 0.138056531314
D : 0.121954990114
