WT21-B37-76 : 0.002679410058
WT21-B37-75 : 0.001525916994
WT25-B39-116 : 0.001469493526
WT23-B21-53 : 0.001372322044
WT24-B40-171 : 0.001245071757
WT23-B39-340 : 0.001240489705
WT23-B37-134 : 0.001205214409
WT08-B18-400 : 0.001143540863
WT13-B06-284 : 0.001124781639
WT24-B26-46 : 0.001085046284
WT13-B06-273 : 0.001044701150
WT01-B18-225 : 0.000988443749
WT04-B27-720 : 0.000936408657
WT23-B19-156 : 0.000894231206
WT04-B30-12 : 0.000816440873
WT24-B26-10 : 0.000807421968
WT25-B15-307 : 0.000804382293
WT07-B18-256 : 0.000774948428
WT24-B26-2 : 0.000771341577
WT14-B03-220 : 0.000716442619
WT24-B40-167 : 0.000707508830
WT14-B03-227 : 0.000685023623
WT18-B31-240 : 0.000660190200
WT04-B40-202 : 0.000658703995
WT08-B19-222 : 0.000643432388
WT27-B28-203 : 0.000627001437
WT13-B15-160 : 0.000621296558
WT13-B39-295 : 0.000616960635
WT12-B30-56 : 0.000602289690
WT10-B02-288 : 0.000575993083
WT22-B38-403 : 0.000574572211
WT14-B36-337 : 0.000558256735
WT27-B34-57 : 0.000555500111
WT23-B20-363 : 0.000550862343
WT23-B01-40 : 0.000550421871
WT27-B32-30 : 0.000549770819
WT21-B40-37 : 0.000548180008
WT21-B35-155 : 0.000540052162
WT08-B08-60 : 0.000535637027
WT04-B22-268 : 0.000532768123
WT14-B02-400 : 0.000532566194
WT18-B14-66 : 0.000532059514
WT23-B27-31 : 0.000525616292
WT23-B38-120 : 0.000520927839
WT06-B35-151 : 0.000520104125
WT06-B14-69 : 0.000519066589
WT06-B35-161 : 0.000518209397
WT10-B33-300 : 0.000516806656
WT14-B36-335 : 0.000515459987
WT14-B36-336 : 0.000515459987